2 0.059722 0.807639 0.111111 0.106944
2 0.187500 0.811111 0.119444 0.119444
2 0.313889 0.808333 0.119444 0.119444
2 0.436111 0.806944 0.119444 0.119444
2 0.570833 0.808333 0.119444 0.119444
2 0.684722 0.808333 0.119444 0.119444
2 0.815278 0.809722 0.119444 0.119444
2 0.563889 0.308333 0.119444 0.119444
2 0.940278 0.815278 0.119444 0.119444
2 0.936111 0.188889 0.119444 0.119444
2 0.806944 0.194444 0.119444 0.119444
2 0.690278 0.186111 0.119444 0.119444
2 0.562500 0.181944 0.119444 0.119444
2 0.313889 0.186111 0.119444 0.119444
2 0.193056 0.179167 0.119444 0.119444
2 0.060417 0.181944 0.118056 0.119444
1 0.561111 0.059722 0.119444 0.116667
1 0.562500 0.940278 0.119444 0.119444
2 0.559722 0.570139 0.119444 0.120833
