2 0.063889 0.189583 0.113889 0.118056
2 0.184722 0.186806 0.113889 0.118056
2 0.565278 0.186806 0.113889 0.118056
2 0.687500 0.184028 0.113889 0.118056
2 0.815278 0.186806 0.113889 0.118056
2 0.936111 0.181250 0.113889 0.118056
2 0.937500 0.811806 0.113889 0.118056
2 0.806944 0.811806 0.113889 0.118056
2 0.697222 0.811806 0.113889 0.118056
2 0.444444 0.810417 0.113889 0.118056
2 0.305556 0.809028 0.113889 0.118056
2 0.184722 0.810417 0.113889 0.118056
2 0.057639 0.815972 0.112500 0.118056
5 0.308333 0.313194 0.113889 0.118056
5 0.686111 0.306250 0.113889 0.118056
5 0.813889 0.935417 0.113889 0.118056
0 0.687500 0.940278 0.116667 0.116667
0 0.308333 0.940278 0.116667 0.116667
0 0.308333 0.063889 0.116667 0.116667
0 0.686111 0.058333 0.116667 0.113889
3 0.434722 0.937500 0.127778 0.122222
1 0.565278 0.938194 0.122222 0.123611
1 0.563889 0.061806 0.122222 0.120833
4 0.942361 0.066667 0.112500 0.127778
4 0.057639 0.064583 0.112500 0.126389
4 0.056944 0.936111 0.111111 0.127778
4 0.940972 0.936111 0.112500 0.127778
2 0.305556 0.179861 0.113889 0.118056
5 0.436111 0.436806 0.113889 0.118056
