5 0.063889 0.062500 0.125000 0.119444
5 0.312500 0.315278 0.127778 0.119444
5 0.809722 0.940278 0.127778 0.119444
0 0.561111 0.560417 0.119444 0.120833
0 0.315278 0.938889 0.119444 0.119444
0 0.684722 0.934722 0.119444 0.119444
0 0.687500 0.060417 0.119444 0.118056
4 0.937500 0.060417 0.119444 0.118056
4 0.940278 0.931944 0.119444 0.119444
4 0.060417 0.939583 0.118056 0.120833
3 0.438194 0.937500 0.115278 0.125000
1 0.440972 0.062500 0.115278 0.122222
1 0.563194 0.937500 0.115278 0.125000
2 0.064583 0.188889 0.106944 0.116667
2 0.184028 0.188889 0.106944 0.116667
2 0.563194 0.191667 0.106944 0.116667
2 0.688194 0.188889 0.106944 0.116667
2 0.807639 0.183333 0.106944 0.116667
2 0.934028 0.187500 0.106944 0.116667
2 0.936806 0.811111 0.106944 0.116667
2 0.814583 0.811111 0.106944 0.116667
2 0.440972 0.812500 0.106944 0.116667
2 0.314583 0.811111 0.106944 0.116667
2 0.188194 0.811111 0.106944 0.116667
2 0.057639 0.815278 0.106944 0.116667
